$PFLAU,1,0,2,1,2,-179,2,100,1284*4C
$PFLAU,1,0,2,1,2,-164,2,100,1284*40
$PFLAU,1,0,2,1,2,-148,2,100,1284*4E
$PFLAU,1,0,2,1,2,-135,2,100,1284*44
$PFLAU,1,0,2,1,2,-132,2,100,1284*43
$PFLAU,1,0,2,1,2,-127,2,100,1284*47
$PFLAU,1,0,2,1,2,-124,2,100,1284*44
$PFLAU,1,0,2,1,2,-120,2,100,1284*40
$PFLAU,1,0,2,1,2,-117,2,100,1284*44
$PFLAU,1,0,2,1,2,-114,2,100,1284*47
$PFLAU,1,0,2,1,2,-110,2,100,1284*43
$PFLAU,1,0,2,1,2,-106,2,100,1284*44
$PFLAU,1,0,2,1,2,-103,2,100,1284*41
$PFLAU,1,0,2,1,2,-100,2,100,1284*42
$PFLAU,1,0,2,1,2,-84,2,100,1284*7F
$PFLAU,1,0,2,1,2,-67,2,100,1284*72
$PFLAU,1,0,2,1,2,-51,2,100,1284*77
$PFLAU,1,0,2,1,2,-34,2,100,1284*74
$PFLAU,1,0,2,1,2,-18,2,100,1284*7A
$PFLAU,1,0,2,1,2,-2,2,100,1284*41
$PFLAU,1,0,2,1,2,15,2,100,1284*5A
$PFLAU,1,0,2,1,2,32,2,100,1284*5F
$PFLAU,1,0,2,1,2,48,2,100,1284*52
$PFLAU,1,0,2,1,2,65,2,100,1284*5D
$PFLAU,1,0,2,1,2,81,2,100,1284*57
$PFLAU,1,0,2,1,2,98,2,100,1284*5F
$PFLAU,1,0,2,1,2,114,2,100,1284*6A
$PFLAU,1,0,2,1,2,131,2,100,1284*6D
$PFLAU,1,0,2,1,2,147,2,100,1284*6C
$PFLAU,1,0,2,1,2,164,2,100,1284*6D
