$PFLAU,1,0,2,1,2,-180,2,-1,1284*67
$PFLAU,1,0,2,1,2,-180,2,-1,1284*67
$PFLAU,1,0,2,1,2,-180,2,-1,1284*67
$PFLAU,1,0,2,1,2,-180,2,-1,1284*67
$PFLAU,1,0,2,1,2,-180,2,-1,1284*67
$PFLAU,1,0,2,1,2,-180,2,-1,1284*67
$PFLAU,1,0,2,1,2,-180,2,-1,1284*67
$PFLAU,1,0,2,1,2,-180,2,-1,1284*67
$PFLAU,1,0,2,1,2,-179,2,-1,1284*61
$PFLAU,1,0,2,1,2,-174,2,-1,1284*6C
$PFLAU,1,0,2,1,2,-158,2,-1,1284*62
$PFLAU,1,0,2,1,2,-141,2,-1,1284*6A
$PFLAU,1,0,2,1,2,-125,2,-1,1284*68
$PFLAU,1,0,2,1,2,-108,2,-1,1284*67
$PFLAU,1,0,2,1,2,-91,2,-1,1284*56
$PFLAU,1,0,2,1,2,-75,2,-1,1284*5C
$PFLAU,1,0,2,1,2,-58,2,-1,1284*53
$PFLAU,1,0,2,1,2,-42,2,-1,1284*58
$PFLAU,1,0,2,1,2,-25,2,-1,1284*59
$PFLAU,1,0,2,1,2,-9,2,-1,1284*67
$PFLAU,1,0,2,1,2,8,2,-1,1284*4B
$PFLAU,1,0,2,1,2,25,2,-1,1284*74
$PFLAU,1,0,2,1,2,41,2,-1,1284*76
$PFLAU,1,0,2,1,2,58,2,-1,1284*7E
$PFLAU,1,0,2,1,2,74,2,-1,1284*70
$PFLAU,1,0,2,1,2,91,2,-1,1284*7B
$PFLAU,1,0,2,1,2,107,2,-1,1284*45
$PFLAU,1,0,2,1,2,124,2,-1,1284*44
$PFLAU,1,0,2,1,2,140,2,-1,1284*46
$PFLAU,1,0,2,1,2,157,2,-1,1284*40
$PFLAU,1,0,2,1,2,173,2,-1,1284*46
AU,1,0,2,1,3,131,2,100,1284*6C
$PFLAU,1,0,2,1,3,133,2,100,1284*6E
$PFLAU,1,0,2,1,3,138,2,100,1284*65
$PFLAU,1,0,2,1,3,142,2,100,1284*68
$PFLAU,1,0,2,1,3,147,2,100,1284*6D
$PFLAU,1,0,2,1,3,151,2,100,1284*6A
$PFLAU,1,0,2,1,3,154,2,100,1284*6F
$PFLAU,1,0,2,1,3,154,2,100,1284*6F
$PFLAU,1,0,2,1,3,154,2,100,1284*6F
$PFLAU,1,0,2,1,3,154,2,100,1284*6F
$PFLAU,1,0,2,1,3,154,2,100,1284*6F
$PFLAU,1,0,2,1,3,156,2,100,1284*6D
$PFLAU,1,0,2,1,3,160,2,100,1284*68
$PFLAU,1,0,2,1,3,164,2,100,1284*6C
$PFLAU,1,0,2,1,3,168,2,100,1284*60
$PFLAU,1,0,2,1,3,169,2,100,1284*61
