$PFLAU,1,0,2,1,3,-179,2,100,1284*4D
$PFLAU,1,0,2,1,3,-165,2,100,1284*40
$PFLAU,1,0,2,1,3,-149,2,100,1284*4E
$PFLAU,1,0,2,1,3,-132,2,100,1284*42
$PFLAU,1,0,2,1,3,-116,2,100,1284*44
$PFLAU,1,0,2,1,3,-105,2,100,1284*46
$PFLAU,1,0,2,1,3,-102,2,100,1284*41
$PFLAU,1,0,2,1,3,-98,2,100,1284*73
$PFLAU,1,0,2,1,3,-82,2,100,1284*78
$PFLAU,1,0,2,1,3,-65,2,100,1284*71
$PFLAU,1,0,2,1,3,-49,2,100,1284*7F
$PFLAU,1,0,2,1,3,-32,2,100,1284*73
$PFLAU,1,0,2,1,3,-16,2,100,1284*75
$PFLAU,1,0,2,1,3,1,2,100,1284*6E
$PFLAU,1,0,2,1,3,17,2,100,1284*59
$PFLAU,1,0,2,1,3,34,2,100,1284*58
$PFLAU,1,0,2,1,3,50,2,100,1284*5A
$PFLAU,1,0,2,1,3,67,2,100,1284*5E
$PFLAU,1,0,2,1,3,84,2,100,1284*53
$PFLAU,1,0,2,1,3,100,2,100,1284*6E
$PFLAU,1,0,2,1,3,117,2,100,1284*68
$PFLAU,1,0,2,1,3,123,2,100,1284*6F
$PFLAU,1,0,2,1,3,127,2,100,1284*6B
$PFLAU,1,0,2,1,3,131,2,100,1284*6C
$PFLAU,1,0,2,1,3,133,2,100,1284*6E
$PFLAU,1,0,2,1,3,138,2,100,1284*65
$PFLAU,1,0,2,1,3,142,2,100,1284*68
$PFLAU,1,0,2,1,3,147,2,100,1284*6D
$PFLAU,1,0,2,1,3,151,2,100,1284*6A
$PFLAU,1,0,2,1,3,154,2,100,1284*6F
$PFLAU,1,0,2,1,3,154,2,100,1284*6F
$PFLAU,1,0,2,1,3,154,2,100,1284*6F
$PFLAU,1,0,2,1,3,154,2,100,1284*6F
$PFLAU,1,0,2,1,3,154,2,100,1284*6F
$PFLAU,1,0,2,1,3,156,2,100,1284*6D
$PFLAU,1,0,2,1,3,160,2,100,1284*68
$PFLAU,1,0,2,1,3,164,2,100,1284*6C
$PFLAU,1,0,2,1,3,168,2,100,1284*60
$PFLAU,1,0,2,1,3,169,2,100,1284*61
