$PFLAU,1,0,2,1,0,-180,0,100,1284*4A
$PFLAU,1,0,2,1,0,-163,0,100,1284*47
$PFLAU,1,0,2,1,0,-146,0,100,1284*40
$PFLAU,1,0,2,1,0,-130,0,100,1284*41
$PFLAU,1,0,2,1,0,-113,0,100,1284*40
$PFLAU,1,0,2,1,0,-97,0,100,1284*7D
$PFLAU,1,0,2,1,0,-80,0,100,1284*7B
$PFLAU,1,0,2,1,0,-64,0,100,1284*71
$PFLAU,1,0,2,1,0,-47,0,100,1284*70
$PFLAU,1,0,2,1,0,-30,0,100,1284*70
$PFLAU,1,0,2,1,0,-14,0,100,1284*76
$PFLAU,1,0,2,1,0,3,0,100,1284*6D
$PFLAU,1,0,2,1,0,19,0,100,1284*56
$PFLAU,1,0,2,1,0,36,0,100,1284*5B
$PFLAU,1,0,2,1,0,52,0,100,1284*59
$PFLAU,1,0,2,1,0,69,0,100,1284*51
$PFLAU,1,0,2,1,0,85,0,100,1284*53
$PFLAU,1,0,2,1,0,102,0,100,1284*6D
$PFLAU,1,0,2,1,0,118,0,100,1284*66
$PFLAU,1,0,2,1,0,135,0,100,1284*69
$PFLAU,1,0,2,1,0,151,0,100,1284*6B
$PFLAU,1,0,2,1,0,158,0,100,1284*62
$PFLAU,1,0,2,1,0,162,0,100,1284*6B
$PFLAU,1,0,2,1,0,166,0,100,1284*6F
$PFLAU,1,0,2,1,0,169,0,100,1284*60
$PFLAU,1,0,2,1,0,178,0,100,1284*60
